-890 916 -776 -421 -921 -151 630 -198 308 188 424 582 -417 -936 -636 -497 -238 770 -355 316 -516 943 259 520 -346 -530 -998 -194 -592 992 53 -362 799 -981 158 715 748 912 80 -260 835 -340 -574 727 456 945 -667 980 207 721 -477 -602 -664 -55 -79 -798 491 -767 -464 623 321 -453 684 -750 -250 67 883 864 -855 -875
-516 364 516 35 -42 298 965 829 -858 -850 -545 395 -359 -889 -372 146 -324 384 622 -721 849 152 -281 577 296 594 630 -776 469 210 -831 839 298 739 -681 312
84 -716 -453 -122 -672 -567 -908 728 -886 -337 -530 -669 -58 -870 -918 44 107 -173 138 -901 89 306 -200 606 -395 375 -210 190 -527 -806 440 193 -383 400 -621 -866 159 298 -354
-964 -309 -943 895 734 -690 -39 893 -429 975 838 -851 -533 -167 469 -237 -456 640 807 -196 -370 772 977 947 -893 -706 -892 852 -871 -14 574 -416 -314 -199 940 -127 -102 734 -488 -762 57 -492 -384
350 789 -889 -901 515 79 -572 143 -468 224 731 -513 369 266 560 -212 -640 807 25 -928 -30 421 -770 663 -541 691 -85 -215 427 -64 450 864 -376 601 -465 -748 511 871 -71 -19
573 680 -663 138 421 -400 501 72 300 628 991 555 666 287 -301 -608 170 -454 237 975 -2 -799 27 898 -830 -965 678 357 -527 -149 505 8 -584 -540 -508 571 -52 -11 -975 -974 657 286 22 608 -709 -820 37 693 -317 260 -331 39 232 -710 -294 35 -391 -135 -597 311 -285 415 -968 -915 -840 17 76
666 160 108 247 -382 637 -674 51 -18 -355 -44 -57 709 -126 -556 139 -618 189 713 334 46 -935 491 970 -52 639 -533 215 -617 265 -246 446 118 -825 -880 362 -812 910 -646 -94 -14 540 355 814 -314 919 -757 607 -727 885 -427 -424 -830 610
33 -117 -965 300 386 394 -328 -407 -464 431 -397 -739 -876 181 -126 -935 -344 -409 778 271 -675 256 859 -641 923 -3 -358 734
-495 -706 -511 786 -347 -455 396 617 -772 -790 -580 -965 -861 -35 861 -507 692 746 805 460 49 916 -439 -350 914 981 -90 -795 809 71 845 566 79 530 215 -699 47 259 721 -818 -116 285 100 -80 87 272 126 -885 -25 668 -223 311 343 -354 -986 -404 629
-138 754 144 -43 301 260 -101 397 -568 375 427 88 257 617 -834 5 612 -168 -840 -406 -441 463 941 407 -311 932 -614 477 -894 973 582 756 -847 -146
646 189 -653 609 75 97 235 435 426 325 89 -988 -968 -551 -592 -503 -759 328 535 406 -87 -383 -556 -806 -828 -79
-163 -858 450 330 724 233 432 -33 659 88 -9 -259 -222 -462 512 -37 -580 229 -961 984 744 712 -541 -782 380 840 -869 -156 -613 -90 383 950 -530 962 420 842 935 -502 -305 -859 739 -396 683 -1 -523 160 -151 -785
502 -309 -81 -435 965 215 -385 915 543 187 277 -932 -69 -935 -460 393 -817 -731 256 588 -55 -774 -869 341 -922 -434 764 -684 313 -205 -102 -125 77 -87 116 -868 -225 460 -278 881 -374 815 -356 -260 -863 696 -32 477 -714 142 822 -624 241 -455 162 -368 51 235 558 -15 -364
-205 855 623 806 -935 -229 725 -430 -402 586 794 629 717 -13 184 805 394 -233 59 650 117 66 -587 -379 733 650 -304 -133 963 -467 165 -586 212 -155 -126 -127 710 718 34 -123 18 715 -458 -788
-379 383 -777 -670 183 -520 324 -641 818 993 -359 998 974 591 -498 4 -309 -702 -540 -484 -464 273 692 796 626 -419 12 -912 134 464 -275 913 -351 429 221 83 -869 467 -611 -851 -443 618 -659 317 768 -314 -252 -776 -427 612 -75 -779 -155 632 -982 -941 -523 -796 484 548 391 -865 910 -716 291 -18 948 645 -784 -136
7 38 298 -835 176 205 773 884 814 -377 -84 -53 -712 266 -334 74 65 28 -112 361 239 -362 -342 928 -444 645 614 250 -758 -566 -931 476 744 -871 972 -66 -991 -263 705 601 -34 -709 -7 156 -916 -457 800 230 461 851 -95 -904 -558 553 393 -721 -829 -388 292 40 780 5 6 -297 -689 -801 350 235 -107 792
101 -651 -468 278 -397 -805 -364 215 -459 -405 198 661 -416 210 -743 403 499 -29 -297 536 -739 76 -232 -682 590 -775 173 346 -46 113 -891 -869 -551 353 155 466
-88 212 542 943 817 417 348 -578 775 607 728 1 427 -651 39 -322 -729 492 703 -639 316 -115 -464 -812 -475 -11 -944 987 -262 139 -746 529 321 927 -919 124 -578 257 -675 493 496 -314 870 -24 150 730
-384 804 957 -551 958 664 761 -953 181 -741 -211 -772 -870 119 -260 836 937 430 872 -330 683 -705 -250 746 13 -134 -693 581 92 936 -303 862 446 -724 960 -529 82 -470 285 -429 514 -602 -656 -845 552 537 185 -411 269 555 -715 7 -182 213 300 780 -98 -999 -470 -356 -151 630 940 -245 221 -699 -857
829 960 -114 -94 125 433 -18 -274 887 786 684 -609 513 -405 374 657 -447 -817 672 173 -245 -48 -908 -548 753 150 -26 111 -326 -368 637 124 -794 -923 -273 410 931 792 -312 -479 880 360 756 -536 -530 -242 181 -674 433 -74 333 -711 316 476 -319 -806 274 -402 45 -747 328 7 100 -471 442 -587 675 196 25 -891
-701 969 -191 521 -64 -339 973 -479 -905 -913 18 -610 912 109 -153 -430 449 -833 -647 -972 -578 -357 -203 538 -982 -299 -962 -197
-982 -882 -235 -114 -272 -387 -704 -775 -110 -190 125 -261 -359 156 116 -439 -848 196 -34 -992 288 -316 846 866 903 -840 -79 -218 -299 792 -927 432 764 -396 693 233 668 133 57 -35 -488 828 163 702 -387 305 26 -27
-978 -616 -449 503 504 -695 449 -558 -570 310 102 936 68 -715 -703 545 -170 70 759 758 260 30 -273 -422 787 30 -810 548 696 267 -125 -14 524 746 -751 -299 -810 -712 -18 -847 740 284 -194 210 981 69 -142 912 -278 -478
642 -764 -599 -589 -290 -12 777 535 182 883 -995 152 524 881 -548 -581 -989 -744 -430 96 -715 421 334 200 -934 -150 937 -495 -633 -464 123 894 -433 -792 651 -220 -524 -931 510 -188 763 383 -722 -977 156 -739 -469 325 -558 991 -652 751 695
816 -828 -991 -15 438 786 -710 405 422 -988 211 -27 -745 521 600 734 -922 423 -562 520 -541 0 -463 204 -615 165 631 -209 669 -951 20 163 -84 216 358 199 -284 -812 -601 932 297 936 177 -507 -17 -508 383 -527 -881 453 742 -148 913 -198 744 507 -492 -355 165 965 9 -502 -925 925 827 692 -172 355 456 2 661 926 -255 159
-838 -51 -858 545 340 706 471 393 562 -650 -772 330 -626 -431 460 -831 762 -344 -316 909 -682 -72 177 401 440 198 -904 -210 181 -447 -890 -496 -802 55 638 22 -533 55 -845 461 909 655 620 178 -149 358 785 -292 338
914 441 620 -186 288 943 -664 97 336 15 275 -925 552 -800 -310 -641 687 803 722 -755 382 -402 -15 168 -796
135 -871 144 559 774 -740 -189 -840 337 710 -274 -596 -555 -709 -335 376 668 -255 230 -992 -111 119 -483 284 -322 291 -381 45 603 -806 526 273 -712 676 732 877 -337 -716 -6
-238 26 459 0 615 658 -153 341 -302 401 -484 190 357 -638 407 -163 839 296 -388 -58 -7 35 -896 -680 907 -987 77 493 19 861
208 933 -640 -65 -97 550 -592 -923 -644 -358 -616 -602 -879 -230 -768 559 444 -661 -790 226 135 -376 177 -261 646 -415 484 -249 916 40 1 665 -6 208 -746 -925 -777
-941 -80 142 -487 411 75 986 655 131 188 -211 -889 871 334 260 -105 -885 -107 -131 3 308 41 446 -469 -635
-695 -999 -55 -178 -998 342 -327 -504 -761 -783 233 512 152 1 -562 -118 97 638 201 -933 -956 -705 -842 -318 479 -92 15
385 272 -369 -301 -804 526 -527 -129 863 -803 -608 158 -76 -853 898 -418 -189 711 -745 337 -96 -939 -100 -261 -95 -782 -112 425 -917 347 760 462 -239 926 -589 204
-365 946 673 -724 57 -768 -422 725 -556 -493 -369 -113 -470 -678 -537 -670 -701 792 877 -410 702 -685 315 -128 -522 -510 -577 757 -533 866
-557 967 450 -468 440 596 -80 769 -100 960 726 319 880 774 -768 73 779 231 -257 953 -263 -464 878 -369 -951 -908 76 867 -976 514 -699 551 110 -497 375 771 762 257 70 880 766 -376 234 -474 880
-837 79 68 -989 -877 -800 761 418 859 45 944 721 -125 65 -557 59 -513 -58 881 843 -941 -251 -90 8 -433 291 -369 226 -128 405 -690 785 80 760 -969 -41 -645 923 -233 -487 444 805
-311 -381 -255 830 226 905 71 819 -879 -9 78 810 12 303 -428 -502 362 -828 832 44 336 446 -242 622 -586 -862 -151 165 624 -488 297 921 -282 879 767 845 312 520 -330 225 -499 995 -816 -886 -573 779 -817 788 274 56 663 476 -503 66 -971 -438 448 462 630 703 -503 116 -193
488 87 527 -701 -675 193 290 649 885 108 -495 599 249 556 -204 361 -186 -748 -406 -173 -943 988 401 748 146 304 -228 -290 -32 -406 -898 -902 -120 791 -177 157
54 -889 -537 -388 -927 -351 -374 56 -209 -198 767 -759 736 604 715 62 129 701 532 613 -522 556 -396 720 -824 -374 146 824 -638 8 146 -226 -229 -133 762 790 216 871 -543 811 -972 -459 -904 502 -756 611 579 430 -988 785 -727 680 -817 -4 -308 530 -617 -695 -598 -196 877 429 -16 456 -553
-836 -85 235 269 712 584 -96 519 910 -108 -818 86 -981 -305 280 321 368 348 460 -955 -608 -482 -521 -263 -976 -880
199 -89 141 415 855 981 420 431 566 700 948 -110 484 231 608 166 591 -637 -521 -141 -356 109 -892 -330 -360 -48 459 -116 -972 464 -411 405 -279 -553 -754 -666 254 859 78 -523 -474 -323 -535 -646 -829 -535 565 -691 -125 163 536 -847 -712 -557 -476 -656 -387 724 -89 922 64 -419 622 112 593
253 -668 -34 -111 806 964 19 603 -210 285 916 -22 430 329 643 -115 936 6 109 615 717 72 561 624 105 474 486 -957 257 -629 34 -907 -163 -487 -94 932 747 568 792 480 -182 -957 -430 -331 208 133 -623 -572 505 -645 -200 631 305 -618 798 222 592 -327 280 272 -916 91 843 -892
-745 -968 -537 172 198 661 -129 -463 -22 233 106 -101 949 342 323 322 -761 181 -77 -603 882 -936 -353 -771 -933 289 -73 18 201 283 -532 340 395 441 730 -804 742 796 -151 726 257 550 631 -922 -443 247 -332 -868 365 -839 -737 -789 -176 -713 397 930 -500 908 542 207 -776 339 -383 -953 -498 -951 854 872 -343 260 -564 906 564
456 -126 587 -920 -302 -476 803 -354 110 -503 -481 -284 -649 160 -926 43 347 352 105 1 -381 822 489 -72 144 -106 -598
-514 -858 -360 51 332 -35 -314 -762 -217 70 381 -797 -540 23 -893 236 -589 375 -557 -170 842 -61 -802 -713 705 92 -956 379 -690 356 -252 -3 109 -482 -147 -470 -423 711 -692 436 95 -20 -58 337
425 -777 111 -769 940 427 -843 939 -760 -172 256 -306 -685 -427 -580 -368 -549 981 593 657 633 -545 -975 -256 949 -880 245 831 18 678 792 577 200 955 986 25 -982 0 -468 984 -737 984 -102 -319 -961 -280 -616 -553 955 546 -753 903 192 -616 -941 337 30 -887 671 -542
-278 393 829 -991 993 -465 930 -673 177 149 476 -587 946 240 -873 82 851 -581 -661 -246 531 -181 233 -704 615 24 723 -527 50 835 -198 488 586 852 86 977 -456 -553 500 138 552 -938 220 87 -718 325 -752 -926 -415 -750 412 -529 -623 328 -575 -308 -136 -105 -14 -315 617 -980 -833
373 -946 -923 571 609 0 -232 718 634 926 -820 61 433 -299 22 -98 817 49 -372 549 0 -545 298 -768 992 -87 -989 -493 959 653 163 -436 -349 -589 -811 -175 -739 -648 872 25 -907 323 -51
181 702 -877 524 809 707 832 947 -812 560 73 200 -184 -307 157 -685 -622 913 500 363 -382 -926 -284 356 563 876 -495 94 -201 455 791 905 178 109 71 48 -287 -547 -50 -608 157 -383 -686 442 -508 332
-810 -987 -111 219 325 675 476 477 967 -391 -273 -400 -436 424 714 746 967 -617 963 -420 17 498 -235 -946 866 727 -52 -527 423 -319 -429 -897 542 -513 -477
-526 369 877 -114 -700 -593 197 251 -952 -513 231 -75 -599 -680 98 -763 -453 -858 399 540 548 132 58 161 -586 832 -410 84 75 236 -822 353 864 665 137 -972 982 432 649 -206 203 -430 -253 15 -854 -523 205 -603 -57 0 9
-551 839 -501 174 846 216 -27 504 859 645 -944 574 -861 797 -608 -103 -746 401 -937 -80 -593 -325 -23 505 -254 -933 -366
-917 950 -246 -571 -85 347 783 -203 907 -917 -794 846 -196 225 -582 -110 276 64 106 -428 -547 -187 -636 -870 150 843
665 661 -310 -347 867 -365 966 796 -195 487 813 -355 233 -477 -932 373 -330 -348 519 77 -786 -921 -154 861 -96 -656 813 -372 -314 21 -30 -951 -832 260 806 -986 -254 -365 873 -55 -325 824 88 723 275 626 816 -159 -654 852 -896 -260 774 -415 962 -707 175 488 -533 -660 129 -340 -657 -385 964 573 -695 -969 772
964 -530 533 164 960 135 -329 263 117 6 -783 -37 -315 -485 -26 210 -995 -150 -402 -628 506 -26 -297 243 -959 -124 -973 -620 -527 -740 86 -27 524 -177 -576 -571 906 -960 390
787 740 558 -295 530 767 228 914 -406 322 -129 -407 -118 -582 871 -270 413 -494 -822 -384 -402 298 -440 815 554 -643 210 318 -67 -196 -257 726 -19 -462 771 -209 823 -953 184 -277 900 -507 -843 -40 956 -281 -424 -794 -857 231 -987 -646 -973 480
-214 951 -105 -248 215 -351 -701 587 -29 55 42 -98 274 -818 -817 -968 404 -285 -162 392 387 841 -444 254 588 236 -157 -31 410 -129 -329 -73 572 -104 -643 229 -834 730 -73 -299 -807 -924 334 797 469 766 449 997 -164 556 678 -838 485 -862 3 173 -921 534 -219 880 977 -635 147
-479 -53 918 -241 714 -777 410 -500 -371 -9 439 -815 754 -171 424 402 -990 461 -56 -539 -101 -558 -360 24 927 708 -710 -267 457 -342 242 -986 993 561 351 -181 -760 359 413 -116 996 222 -867 -254 754 346 190 107 935 -678 276 -298 -747 289
-154 -626 -476 787 668 -333 494 -716 880 979 335 124 -648 -837 -651 731 261 431 86 223 682 428 -290 -507 452 -537 -822 -818 385 -564 857 -943 -188 886 843 419 -446 523 -260 -140 809 -839 454 741 -875 863 -10 -593 615 449 944 870 -804 -581 22 656 -388 140
253 9 -963 867 581 683 -531 225 94 213 963 425 864 -53 -230 -239 843 -285 -676 -804 -231 880 -353 331 -497 -95
582 342 250 999 160 -344 -14 107 460 977 -202 -525 950 659 739 -187 341 -497 -230 945 -428 105 -454 133 -159 168 761 -84 771 -803 -105 -991 469 -456 539 732 -689 15 870 21 -53 -955 267 -573
-723 -118 991 -39 254 -959 362 700 651 202 -633 -478 966 765 -100 -130 587 95 533 794 -874 399 654 -38 -448 -523 -849 433 -384 -741 -593 -425 -710 737 789 106
548 881 84 341 -443 -261 -635 78 284 -834 -367 -109 648 994 778 721 422 634 -60 -394 995 -49 591 -525 323 -883 202 -238 583 -37 26 -470
62 123 327 -249 -698 262 -814 971 -230 274 -268 288 743 889 663 649 133 58 -965 -335 -618 -543 980 586 890 -380 798 27 282 -478 -642 -828 -384 -752 -632 894 -551 610 187 -944 188 561 -919 717 62 244 -133 -464 76 516 515 949 -931 -291 -681 354 -24 -878 663 69 390 -307 967 563
505 59 -726 629 563 -7 132 -170 -918 900 522 729 89 -806 708 600 -124 102 -164 -518 206 602 688 -702 211 -498 -179 813 615 -698 -479 885 -911 758 894 -641 580 3 -686 789 -136 -68 -827 -931 242 852 203 639 -103 -873 -717 890 221 525
-182 759 -924 526 843 -323 -568 -344 508 -333 435 826 762 604 283 -699 763 736 -552 -725 545 615 679 -86 -264 -76 -235 280 494 -794 -480 -686 174 113 512 836 344 -388
328 414 168 834 -276 178 293 690 -261 667 501 -466 -211 50 364 -308 894 583 -8 217 -546 -425 947 -584 842 -289 -673 409 61 581 852 -563 132 -382 -738 -51 120 -48 -494 -777 -239 -57 -487 672 -200 -505 -728 -4 -620 -482 -653 844 -425 -570 -937 -261 -261 975 -673 -905 -792 -419 514 -904 81 152 372 -845 932 -569 190 -857
905 563 -522 -24 -991 -524 93 -907 -628 -463 -928 -889 70 -163 -34 -515 466 -971 627 390 530 563 -468 -458 893 -897 -81 353