-145 N/A 517 511 -122 N/A -731 N/A 926 -891 -528 -303 536 203 -564 342 -746 -383 N/A -682 N/A 114 -571 -831 -54 N/A 734 -659 N/A -912 -671 968 811 997 -869 163 N/A 474 -693 -644 984 886 N/A 388 840 N/A -754 -361 2 N/A 830 N/A -741 N/A -555 505 N/A -932 -732 N/A -590 229 113 155 N/A -709 N/A 952 456 -620 N/A -86 -790
-559 N/A 190 -590 727 N/A 697 723 N/A 117 -983 -569 N/A 546 -723 878 897 N/A 202 N/A -577 -106 450 -685 507 N/A 122 613 884 -457 N/A 248 N/A 888 180 -687
803 -490 376 N/A 643 898 51 N/A -115 N/A 239 449 -734 -763 N/A -465 -872 -197 -798 -676 N/A -656 173 84 N/A -124 N/A -364 398 N/A -183 259 129 87 -24 N/A -387
-645 890 N/A 11 601 N/A 650 N/A -489 221 -394 -20 108 -624 -58 N/A 761 N/A 46 -939 984 629 N/A 150 N/A 569 -340 -159 N/A -10 -959 906 -34 N/A -661 857 -328 -256 -548 N/A 266 361 N/A -907 -424 371 -850 N/A 553 199 957 N/A -101 127 -297 N/A 943 703 -558
-81 N/A -223 -648 -417 432 N/A 998 527 N/A 252 N/A -930 N/A -978 -438 -511 106 N/A -928 0 487 588 N/A 866 990 223 363 647 445 -86 N/A 571 -209 N/A -8 166 -293 N/A 195 545 220 N/A -618 911 N/A 692 -593 -878 -351 -418 -232 -964 N/A 54
943 -514 760 92 399 N/A -925 -757 983 891 N/A 202 472 36 92 -953 583 -471 N/A 890 532 N/A 318 -770 N/A 572 -459 -573 N/A 644 N/A -32 -773 N/A 689
490 N/A 266 164 -812 N/A 818 N/A 557 -808 N/A 564 N/A 498 -249 N/A 453 962 N/A 704 N/A 543 970 517 -717 784 257 -458 N/A -745 -57 N/A -337 840 501 -944 N/A -361 -179 -677 N/A -940 985 -401 -558 82 N/A -970 427 -342 58 332 -105 N/A 504 -582 -283 N/A 419 -548 -929 N/A 781 42 491 N/A 378 N/A -492 535 436 -216
-845 -103 848 -90 -214 N/A 129 295 N/A -638 340 N/A 935 N/A 302 72 N/A -812 207 482 N/A 831 N/A -699 N/A 237 -402 198 970 -432 221 -225 215 N/A 285 301 -198 N/A -261 -193 -267 8 279 N/A 194 -572 864 533 N/A 50 N/A -224 N/A 617 669 -710 N/A 72 629 -879 681 942
-746 N/A 512 789 N/A 66 807 305 -72 -295 693 -619 -948 -158 -422 338 N/A 446 -641 N/A -27 117 -815 -813 679 937 N/A 943 -542 N/A 809 N/A -981 429 -721 N/A -401 N/A 338 N/A 313 24 53 -177 410 N/A 55 597 863 -170 N/A 477 N/A 414 N/A -421 -36 N/A 15 N/A -41 660 -408 -890 937 N/A 116 666 975 861 932
839 -626 -324 -472 560 -85 420 795 10 N/A -763 N/A 537 -531 597 498 603 N/A -918 N/A -733 -764 N/A 502 N/A -66 -446 N/A 756 -875 N/A -453 126 342
-126 -858 -111 N/A -629 -351 373 N/A -362 302 394 -247 -313 N/A -956 N/A -436 -322 -878 -977 N/A 957 N/A -494 N/A 221 -888 -202 -498 64 498 N/A 225 -65 -894 167 -399 -665 502 844 539 932 -665 N/A -314 -610 534 718 724 N/A 761 N/A -72 357 N/A -43 N/A 53 N/A -231 N/A 633 -456 -263 52 -57 N/A -363 340 N/A -356
194 852 N/A 480 N/A 802 -612 -945 350 337 -133 N/A 128 N/A 277 -746 617 -863 N/A 114 976 -275 644 -195 N/A 606 677 415 440 N/A -267 N/A -930 702 -438 N/A 141 -21 -759 853 N/A -226 -550
-365 649 N/A -581 0 -943 N/A -195 -637 213 913 N/A 983 N/A -643 518 N/A 237 N/A -92 -312 -907 -496 -590 986 N/A -368 -209
-876 N/A -740 92 N/A 566 N/A 38 -829 -36 556 N/A 411 N/A -518 890 -359 -332 39 N/A -404 N/A 605 N/A -849 -300 825 330 741 -878 526 N/A 692 N/A -842 919 54 214 -538 951 89 918 755 N/A 679 -159
534 N/A 52 N/A 530 N/A -426 594 -116 N/A 934 N/A -659 -756 N/A 730 -596 N/A -968 78 N/A 197 918 N/A -94 -989 96 N/A -590 N/A 34 N/A 391 -450 -197 -920 -235 -255 703 963 64 471 -591 -789 687 465 -880 -941 N/A 659 -623 -241 0 817 -734 N/A -829 -49 952
-438 956 421 -220 -466 293 -556 50 671 -539 N/A 600 N/A -19 N/A -495 N/A 179 -571 N/A 616 334 -902 -614 N/A 823 -168 -808 -256 N/A -110 N/A 540 -264
-746 758 -104 -386 N/A 643 -758 N/A -823 -478 -968 -717 -231 N/A -12 -558 N/A 386 146 N/A -451 -439 -125 N/A 926 313 -496 -519 -307 N/A -101 385 438 -488 328 39 N/A 702 -479 -261 308 -957 -381 N/A 634 N/A 595 168 N/A -997 N/A 690 117 977 -350 -443 798 N/A -376 N/A 60 -857 N/A 915 N/A 488
-117 N/A 383 N/A 885 -230 -573 N/A 516 6 N/A 978 N/A -338 909 N/A 785 862 N/A 698 592 N/A -392 N/A 78 -70 -255 -753 206 N/A -150 -786 60 980 902 N/A -504 N/A 586 -327 N/A 234 -552 -211 N/A 654 -833 948 -992 -786 -663 381 N/A -986 762 -773 176 -599 638 342 188 N/A 773 240
-530 433 721 -324 766 N/A -570 N/A -265 N/A 656 N/A -107 -338 769 102 -400 -607 -833 N/A 564 N/A 931 -41 536 N/A -126 -337 969 N/A 300 721 -809 738 477 N/A 27 682
-10 145 N/A 790 N/A 59 716 821 N/A -931 79 N/A 307 -961 491 N/A -781 N/A -132 -462 187 -907 -809 -755 N/A 185 473 993 -397 163 309 -44 N/A 988 832 N/A 339 437 N/A -169 117 349 893
361 715 158 -94 -397 -695 N/A -145 -996 N/A 872 N/A 994 351 N/A -193 331 -617 580 976 811 N/A -838 N/A 213 97 885 N/A -540 -887
-600 515 -410 -302 N/A 195 N/A 122 N/A -371 665 N/A -834 N/A 160 489 -518 -954 371 -893 N/A 415 N/A -930 -195 828 -22 72 N/A 404 N/A 556 -294 733 N/A -444 -816 402 -147 -524 -162 -310 -108 818 N/A 330
223 -576 -510 N/A -352 147 323 548 N/A 33 75 N/A 814 -269 748 21 N/A -56 563 890 221 N/A -347 N/A 418 -938 N/A 118 170 683 580 527 -166 422 784 -179 N/A 456 -50 -688 -123 -946 -950 N/A 475 N/A -163 868 N/A 764 N/A -152 N/A 894 -995 N/A 650
860 N/A 88 N/A -723 -802 N/A 273 671 476 90 132 634 N/A 469 170 984 -81 906 -627 -841 N/A -722 256 N/A 759 -118 -222 -541 -272 N/A 775 N/A 712 877 N/A 875 N/A -720 665 137 77 -637 113 -32 N/A 853
-940 N/A -819 N/A -736 944 928 N/A -693 N/A 548 N/A -412 -321 687 738 -706 N/A 758 -280 770 -493 N/A -272 N/A 8 N/A -905 -500 N/A -898 -974 N/A 494 961 812 N/A 15 146 N/A -182 -387 -240 212 383 -554 N/A -491 N/A 253 -168 412 471 -909 N/A -462 939 -954 911 -440 -819 N/A -425 N/A -920 -325 -459 -776 174 -602 136 -594
-681 N/A 878 561 N/A -582 N/A -721 510 -508 840 168 661 -984 N/A 283 51 250 303 222 N/A 459 -356 N/A -996 77 856 -135 519 -172 N/A 565 -333 N/A 591 N/A 406 -690
453 240 867 N/A -732 N/A -118 867 N/A 219 -595 789 328 972 N/A 693 N/A -90 184 265 -117 N/A -799 806 -930 -611
-18 -926 N/A 352 753 616 749 625 N/A -41 N/A 930 -383 -938 710 -233 N/A 4 -419 260 -769 N/A 680 -274 N/A -89 N/A -315
-790 N/A 665 -939 N/A -120 N/A 351 892 418 N/A -228 N/A -739 425 -882 N/A -742 887 N/A 977 -588 705 594 -680 N/A -682 N/A -391 -949 495 985 -948 -995 252 N/A -859 157 -618 -526 N/A -100 807 203 247
59 261 N/A -45 -71 908 N/A -655 -734 354 N/A 814 -569 N/A -838 -569 517 -376 N/A -179 N/A 708 330 N/A -209 N/A -597 -400 -89 727 481 N/A -16 485 N/A 683 -787 -559 -137 -231 311 N/A 775 917 -279 N/A 252 980 285 -276 -33 -832 -287 N/A 175
398 -918 -94 -620 N/A 406 940 21 N/A -43 541 N/A -391 384 -920 -760 -729 661 486 N/A -529 48 N/A 566 -221 N/A -115 927 834 725 N/A -33 N/A 746 -996 N/A 799 -283 68 N/A 907 N/A 553 N/A -579 N/A -111 N/A -248 N/A -300 -369 -411 -50 -80 287 -545 N/A -364 812 -651 -696 -944 -231
183 263 492 951 -192 817 105 611 N/A -467 192 N/A 985 913 N/A -618 N/A -55 113 -162 -729 N/A -113 N/A -109 -866 N/A 991 N/A 446 -371 -323 N/A -135 4 -230 N/A -247 N/A -244 -25 -506 372 N/A -774 162 684 416 679 274 N/A 49 -144
-388 613 308 -677 497 N/A 212 N/A -191 255 41 N/A -7 -251 -126 -556 600 -245 -167 689 838 N/A 358 N/A -432 N/A -82 N/A 210 -663 -525 N/A 969 N/A -972 -814 854 -91
-151 155 190 N/A 624 -942 N/A -845 946 N/A 407 349 -249 -862 402 -891 6 -870 -184 -977 -705 N/A -872 611 N/A 322 N/A -257 N/A 586 N/A 762 N/A -813 N/A -476 -685 925 -780 564 -63 -406 N/A -692
926 -248 -303 -793 N/A -574 N/A 339 401 N/A 947 474 -762 339 907 -235 736 574 86 N/A 783 697 N/A 863 648 N/A 511 N/A -595 400 320 839 N/A 595 -54 N/A 492 554
-560 115 -855 -783 N/A 440 N/A 509 N/A 683 621 N/A 358 N/A -127 -479 -4 N/A 971 -362 -881 N/A -878 -8 -128 N/A 355 291 456 709 177 473 -426 393 N/A 264
598 64 N/A -654 688 -713 986 910 956 -747 985 907 937 361 -8 N/A 784 N/A 496 183 -520 -259 N/A 340 N/A -874 N/A 133 872 -548 N/A -881 -543 767 -942 571 N/A -539 -576 N/A -13 N/A -747 815 N/A -32 N/A 230 49 -716 -735
353 743 944 N/A -901 N/A -519 -366 N/A -646 -487 377 -41 -539 384 -438 N/A 362 N/A -479 386 935 N/A 375 N/A 464 N/A -588 -362 N/A -198 N/A 471 -917 -945 N/A -663 N/A -844 855 -56 -116 N/A 504 -747 184 -496 -103 N/A -475 -456 817 857 275 925 -883 103 782 390 N/A 195
-415 N/A -456 -651 -333 733 -397 235 412 N/A -762 -800 N/A -589 -639 -427 N/A -409 -42 -121 5 N/A 921 N/A -917 N/A 455 84 -546 N/A 197 -568 -930 124 -300 -61 N/A 824 719 -796 N/A 616 -380 N/A 894 -557 N/A -849 995 372 N/A 959 264 -231 -750 73 N/A 351 N/A 982 580
689 471 606 N/A 940 -863 N/A -727 -675 N/A 702 N/A -388 436 208 520 498 538 -845 N/A 117 145 294 749 125 276 N/A 184 737 N/A -16 N/A -919 N/A -848 -319 -782 N/A -609 2 522 -843
112 -507 681 516 717 N/A -965 853 N/A 284 -219 72 N/A 993 -479 N/A 126 832 -23 -419 N/A -62 -789 N/A 195 813 977 N/A 305 -611 N/A 578 N/A 640 616 N/A -214 451 698 -466 N/A -993 139 N/A 850 N/A -674 -51 -934 916 259 N/A 100 959 -633 N/A -766 -65 -940 498 N/A -648 -826 421 -111 -184 N/A 479 N/A -378 -601 935 -738 -281
721 -277 N/A 352 623 -803 -786 -16 246 N/A -255 N/A -209 -322 N/A -740 -925 988 199 346 N/A -247 N/A 531 816 -292 806 163 N/A 592 -116 906 N/A -294 -975 615 118 -306 338 875 604 N/A 691 604 -854 N/A 172 N/A -578 N/A 224 -92 N/A 584 -240 -146 N/A -555 -287 612 N/A 957
171 -893 N/A 542 234 -284 551 305 -550 N/A 979 N/A 702 N/A 268 -6 11 115 987 -200 -468 N/A 217 N/A 880 N/A 285 N/A 692 -960 N/A -337 -735 N/A 464 -466 -836 41 N/A 548 N/A 637 -548 N/A 899 -18 -558 -963 -705 485 -185 103 687 927 -437 -695 N/A 973 -167 -279 N/A 216 492 N/A -736 251 N/A -112 869 997
-861 -856 -144 730 N/A -811 882 N/A 375 N/A 202 -401 N/A 512 N/A -446 942 375 646 N/A -946 N/A 220 53 -237 -421 -648 824 -794 N/A 844 604 -168 N/A -273 N/A -314 -59 -140 -890 -243 N/A 158 N/A -511 362 -207 N/A 712 890 708 343
847 -993 857 N/A 482 N/A 113 N/A 254 -486 47 256 987 181 N/A 554 801 N/A -117 N/A 157 -952 744 -837 -414 N/A 690 -997 N/A -756 -77 N/A -264 677 -264 -447 N/A 812 -414 -66 -282
755 N/A 525 -587 169 N/A -173 -738 N/A -425 -733 -971 -858 N/A 4 -456 150 N/A -628 -136 -973 511 779 N/A -847 45 N/A -569 -926 -210 N/A -39 -159 N/A -258 N/A 322 124 153 224 N/A -175 -737 939
-524 N/A -384 -206 884 -577 -121 N/A -220 N/A -258 141 807 -818 -539 429 826 455 79 265 -741 N/A 490 N/A 130 218 N/A 69 -722 -108 968 -177 25 N/A 621 -732 N/A -431 157 N/A -873 N/A 560 -973 N/A -525 -900
610 309 N/A -936 816 597 357 795 N/A -46 -300 N/A 425 -574 N/A -965 -627 -447 N/A 346 855 739 -448 N/A 958 N/A -583 127 N/A 17 N/A 110 701 -135 818 898 -152 27 N/A -457 -274 -941 370 -149 373 207 873 N/A 589 -174 358 349 -78 296 N/A -25 -858 N/A -45 N/A -612 N/A -659 370 N/A -12 -982 N/A -868
165 N/A -11 891 -492 N/A 96 378 N/A 920 -870 N/A -328 -71 187 -970 N/A 721 -986 -456 N/A -507 -100 N/A 569 650 -265 432 -171 N/A -653 31 N/A -590 9 497 -245 N/A -599 N/A 233 81 298 -762 -938 -82 N/A 456 504 N/A -466 754 377 346 -133 297 -507 N/A 737 N/A -261 N/A 122 901 921 255 N/A -799 N/A -311 -510 941 231 141 -87
888 273 -940 522 N/A -735 217 N/A -516 -439 386 -957 173 N/A 233 -996 -667 N/A -579 N/A -487 -635 608 416 708 -300 N/A -647 211 N/A 891 N/A -405 -398 N/A 457 154 N/A 746 -690 479 373 N/A 34 N/A -759 -935 -772 -82
-431 790 -177 512 -236 N/A -777 -113 283 294 N/A -457 -296 N/A -824 -899 -290 N/A -516 -359 N/A -643 N/A 710 -101
589 N/A -616 -753 -956 N/A 937 N/A 95 29 N/A 695 N/A 840 -94 N/A 69 138 281 878 -410 N/A -831 N/A -731 215 N/A -848 -878 -139 2 N/A -742 658 -209 -202 812 N/A 608 N/A 927 254 N/A 608 59 230 -53 601 N/A 486 48 N/A 940 -569 -551 N/A -74 958 -577 822 115 -462 490 307
-433 909 N/A 92 -847 -431 -310 N/A 675 779 280 N/A -871 72 N/A 293 948 N/A -238 -853 N/A -267 -554 N/A -261 N/A -530 -771 N/A 256 16 -761 N/A -419 -168 N/A -920 N/A 461 163 N/A -287 -198 -384 892 -138 -125 890 -769 -629 841 -317 197 10 N/A 579 733 277 N/A -269 N/A -404 258 -63 -434 N/A -66 -327 -882
46 -671 932 -687 N/A 613 7 N/A -334 360 N/A 682 -990 -203 547 N/A -357 -412 -798 N/A 273 -676 -657 N/A 469 983 873 389 N/A 502 -905 N/A 748
558 N/A 212 N/A -821 -454 -624 -814 N/A -48 -438 N/A 307 -770 N/A 519 N/A -145 297 804 N/A 205 -855 168 -459 189 -477 -953 48 823 507 N/A -550
-9 N/A -20 71 -546 929 N/A -912 -838 107 636 N/A -385 N/A -348 812 N/A -48 731 -859 601 N/A 799 928 N/A -691 -639 147 104 -330 -567 N/A -852 N/A -989 -373 N/A -112 -926 393 -376 -620 N/A -439 -663 -677 N/A 962
-619 916 N/A -71 535 842 N/A 822 221 N/A -969 67 -938 N/A -892 N/A 347 N/A 150 N/A -698 N/A -732 914 63 445 268 940 -844 -661 893 -370 -128
-437 -896 N/A 571 -49 514 N/A -309 848 877 N/A 472 -589 -229 769 810 N/A 91 N/A 410 -745 -694 N/A -496 883 -694 937 N/A 442 743 411 35 N/A 845 485 254 N/A 912 390 318 -665 N/A -83 873 N/A 708 403 N/A 864 N/A -616 N/A 174 305 -245 687 -504 288 N/A -70 N/A -284 971 824 382 158
-269 550 -865 N/A -95 N/A -432 -426 N/A 707 511 -136 -710 N/A -907 -404 N/A -647 -629 N/A -270 -112 -218 -796 511 N/A 778 865 -37 -365 -168 N/A -442 -326 N/A 612 377 418 N/A -964 495 -829 -316 N/A -581 -24 -273 N/A -261 557 31 -843 N/A 508 -600 339 N/A -135 N/A -368 -175 -931 -663 -992 345 N/A -503 N/A -858 N/A 589 -413
-304 -209 147 467 N/A -74 -894 -756 467 N/A 581 -982 767 N/A 211 N/A -148 305 -53 -804 -519 -634 904 602 N/A 139 N/A 32 -771 526 N/A -884 419 327 N/A -367 N/A 280
-526 323 -359 N/A -207 365 N/A -943 192 -986 -150 178 N/A 74 445 803 -623 N/A -821 N/A 536 N/A -124 -374 200 -221 N/A 498 -314 N/A 63 947 -203 -526 -401 -825 -312 N/A -529 N/A -755 -934 -903 -518 N/A 844 234 N/A -870 221 1 -317 486 -383 N/A -64 N/A -849 N/A 475 -315 -135
-487 N/A 544 -666 -984 -746 N/A 968 -192 -557 333 N/A 48 -932 999 -528 N/A -548 N/A -581 744 927 N/A 700 -783 -105 N/A -680 -975 N/A -232 N/A 688 602 -306 N/A -231 392 N/A 382 842 -721 -108 N/A -171 N/A 252 7 575 -864 N/A -896 -687 -738 N/A 601 419 940 -344 N/A 670 211 985 -721 -973 -807 -647 -243 -856 473 N/A -493 N/A 701 -652
-985 -564 512 N/A -768 N/A -147 N/A -608 -859 501 -122 -797 -21 N/A 26 -254 -765 -214 744 287 N/A -297 -667 -212 N/A -326 122 N/A -225 N/A 165 883 797 256 N/A -315 N/A 994 903 451
-113 -91 -305 -846 397 65 -845 -815 671 N/A -201 -336 N/A 751 N/A 360 N/A 169 -40 361 35 N/A -123 -152 N/A 588 N/A -407 970 764 N/A 133 N/A -524 N/A -356 -122 230 580 -39 -49 N/A -391 497
345 -478 432 N/A 708 861 198 33 -13 -201 48 -125 N/A 833 401 N/A 336 795 N/A -587 N/A 854 260 213 654 332 -73 N/A -799 N/A 98 N/A -793 -817 829 N/A 129 -245 232 -118 N/A 299 N/A 139 821 N/A 51 563
565 N/A 751 N/A -298 204 -257 N/A -761 778 N/A -630 405 795 N/A -254 543 -209 -579 910 535 123 716 637 742 115 -716 N/A -696 N/A 195 N/A 549 -176 -867 N/A 142 852 N/A 401 -390 -960 109 -230 906 173 580 -262 N/A 373 -913 N/A -783 -89 N/A -230 N/A 49 N/A 401 504 N/A 638 586 -853 -273 -599
318 117 -921 N/A 839 -902 -324 -559 N/A -962 178 N/A -544 -953 N/A 375 N/A 977 -73 N/A 141 -660 N/A -325 -343 931 -841 -788 230 592 N/A 829